episode0return:-0.511363636364
episode1return:-0.61231281198
episode2return:-0.59234608985
episode3return:-0.665557404326
episode4return:-0.665557404326
episode5return:-0.665557404326
episode6return:-0.321428571429
episode7return:-0.443396226415
episode8return:-0.559068219634
episode9return:-0.598825831703
episode10return:-0.618968386023
episode11return:-0.590909090909
episode12return:-0.585690515807
episode13return:-0.432432432432
episode14return:-0.562300319489
episode15return:-0.565723793677
episode16return:-0.577830188679
episode17return:-0.705490848586
episode18return:-0.599001663894
episode19return:-0.326086956522
episode20return:-0.625623960067
episode21return:-0.585690515807
episode22return:-0.465909090909
episode23return:-0.601226993865
episode24return:-0.651785714286
episode25return:-0.408163265306
episode26return:-0.618131868132
episode27return:-0.619863013699
episode28return:-0.5
episode29return:-0.678868552413
episode30return:-0.508928571429
episode31return:-0.569169960474
episode32return:-0.651757188498
episode33return:-0.63227953411
episode34return:-0.396551724138
episode35return:-0.718801996672
episode36return:-0.56289978678
episode37return:-0.579804560261
episode38return:-0.651020408163
episode39return:-0.579896907216
episode40return:-0.628571428571
episode41return:-0.403846153846
episode42return:-0.65224625624
episode43return:-0.633273703041
episode44return:-0.563461538462
episode45return:-0.645590682196
episode46return:-0.459016393443
episode47return:-0.585690515807
episode48return:-0.718801996672
episode49return:-0.61328125
episode50return:-0.5625
episode51return:-0.321428571429
episode52return:-0.600746268657
episode53return:-0.618968386023
episode54return:-0.606356968215
episode55return:-0.692179700499
episode56return:-0.643109540636
episode57return:-0.453987730061
episode58return:-0.599001663894
episode59return:-0.481203007519
episode60return:-0.625623960067
episode61return:-0.425
episode62return:-0.537142857143
episode63return:-0.621444201313
episode64return:-0.609489051095
episode65return:-0.69140625
episode66return:-0.705508474576
episode67return:-0.326086956522
episode68return:-0.325581395349
episode69return:-0.573170731707
episode70return:-0.536082474227
episode71return:-0.515625
episode72return:-0.51914893617
episode73return:-0.605657237937
episode74return:-0.57908847185
episode75return:-0.605657237937
episode76return:-0.63227953411
episode77return:-0.659482758621
episode78return:-0.634482758621
episode79return:-0.582278481013
episode80return:-0.61231281198
episode81return:-0.56050955414
episode82return:-0.618968386023
episode83return:-0.647887323944
episode84return:-0.598187311178
episode85return:-0.419117647059
episode86return:-0.630111524164
episode87return:-0.547085201794
episode88return:-0.446601941748
episode89return:-0.65224625624
episode90return:-0.625623960067
episode91return:-0.628571428571
episode92return:-0.561151079137
episode93return:-0.638935108153
episode94return:-0.672064777328
episode95return:-0.58125
episode96return:-0.596577017115
episode97return:-0.557142857143
episode98return:-0.323529411765
episode99return:-0.5
